calibration_date: '2025-07-31 09:43:27'
camera_matrix:
- - 3411.7575216483046
  - 0.0
  - 906.9206075047152
- - 0.0
  - 3411.0606047776864
  - 935.9943563118608
- - 0.0
  - 0.0
  - 1.0
chessboard_size:
- 11
- 8
distortion_coefficients:
- - -0.3744319147450636
  - 0.4364753514900072
  - -0.00020628331102842543
  - 0.0005775487894149504
  - 0.3264396909604631
image_size:
- 1800
- 1800
num_calibration_images: 27
reprojection_error: 0.08379882563028819
square_size: 30.0
