calibration_date: '2026-04-27 19:46:00'
camera_matrix:
- - 4589.92908820476
  - 0.0
  - 1036.6107040109234
- - 0.0
  - 4575.2500074617965
  - 789.0045445222595
- - 0.0
  - 0.0
  - 1.0
chessboard_size:
- 11
- 8
distortion_coefficients:
- - 0.021301390230983906
  - -0.05072578463843139
  - -0.009024990394019803
  - 0.0053200654758821095
  - 0.2439193144353231
image_size:
- 1800
- 1800
num_calibration_images: 25
reprojection_error: 0.44676340673610426
square_size: 30.0
